<?xml version="1.0"?>
<opencv_storage>
<classifications type_id="opencv-matrix">
  <rows>80</rows>
  <cols>1</cols>
  <dt>i</dt>
  <data>
    45 48 48 48 48 49 49 49 50 51 52 53 53 54 54 54 55 55 55 55 56 56 56
    57 57 57 57 65 65 65 66 67 68 69 69 69 70 70 70 70 71 71 72 72 73 74
    75 76 76 76 77 78 78 79 79 79 79 79 80 80 82 82 83 83 83 84 84 85 87
    88 88 88 88 88 88 89 94 94 94 94</data></classifications>
</opencv_storage>
